35,35
15,2
16,2
16,1
16,3
3,2
30,20
30,16
9,2
9,1
9,3
8,5
8,1
8,7
8,2
8,3
32,3
32,2
32,1
32,0
31,12
31,11
31,10
31,9
31,8
31,7
31,6
31,5
31,4
31,3
31,2
31,1
31,0
30,123
30,122
30,121
30,120
30,119
30,118
30,117
30,116
30,115
30,114
30,113
30,112
30,111
30,110
30,109
30,108
30,107
30,106
30,105
30,104
30,103
30,102
30,101
30,100
30,99
30,98
30,97
30,96
30,95
30,94
30,93
30,92
30,91
30,90
30,89
30,88
30,87
30,86
30,85
30,84
30,83
30,82
30,81
30,80
30,79
30,78
30,77
30,76
30,75
30,74
30,68
30,28
30,26
30,24
30,10
30,6
30,3
30,2
30,1
